# Blender v3.0.0 OBJ File: ''
# www.blender.org
mtllib body_216.mtl
o 2_Cube.018
v -3.073314 -0.639476 2.522022
v -2.898062 -0.134607 2.257445
v -2.543476 -0.885823 2.402894
v -2.368225 -0.380954 2.138317
v -2.863158 -0.439408 3.042996
v -2.687906 0.065461 2.778419
v -2.333320 -0.685756 2.923868
v -2.158069 -0.180887 2.659291
v -0.995591 -0.393388 1.454590
v -1.547740 -0.535215 1.629586
v -1.141419 -0.521410 0.890719
v -1.693567 -0.663237 1.065715
v -1.167268 0.171503 1.370735
v -1.719417 0.029676 1.545732
v -1.313096 0.043481 0.806864
v -1.865244 -0.098346 0.981860
v -3.142242 0.440025 1.634565
v -3.631198 0.769627 1.545732
v -3.442724 -0.049184 1.473345
v -3.931679 0.280418 1.384511
v -2.980257 0.527454 1.067359
v -3.469212 0.857056 0.978525
v -3.280738 0.038246 0.906139
v -3.769694 0.367847 0.817305
v -3.519502 1.601864 2.621181
v -3.351855 1.442302 2.071599
v -3.255938 1.115062 2.842913
v -3.088292 0.955501 2.293331
v -3.011530 1.907103 2.687514
v -2.843884 1.747542 2.137932
v -2.747967 1.420302 2.909246
v -2.580320 1.260741 2.359664
v -4.233084 0.194272 3.746665
v -4.514883 0.718948 3.776845
v -3.830028 0.432012 3.377028
v -4.111826 0.956688 3.407209
v -3.895828 0.348548 4.213639
v -4.177628 0.873224 4.243819
v -3.492772 0.586288 3.844002
v -3.774570 1.110964 3.874181
v -3.598684 1.937687 3.554162
v -3.925387 2.333687 3.857568
v -3.948117 2.014881 3.077146
v -4.274821 2.410881 3.380552
v -3.242639 2.376812 3.364407
v -3.569342 2.772813 3.667814
v -3.592072 2.454006 2.887392
v -3.918775 2.850007 3.190798
v -2.401579 1.592309 2.487821
v -1.901397 1.914736 2.526109
v -2.114468 1.185946 2.159122
v -1.614286 1.508373 2.197411
v -2.249947 1.298172 2.983903
v -1.749766 1.620599 3.022192
v -1.962836 0.891809 2.655205
v -1.462655 1.214236 2.693493
v -1.177431 0.381325 1.454590
v -1.480539 0.864139 1.629587
v -1.343755 0.481284 0.890719
v -1.646862 0.964098 1.065715
v -0.691562 0.716745 1.370736
v -0.994670 1.199558 1.545732
v -0.857886 0.816704 0.806864
v -1.160993 1.299517 0.981860
v -1.788851 2.796242 1.691276
v -1.883826 3.176315 1.241686
v -2.318272 2.541922 1.588119
v -2.413247 2.921995 1.138529
v -1.531364 2.413524 1.313342
v -1.626339 2.793596 0.863752
v -2.060785 2.159204 1.210185
v -2.155760 2.539277 0.760595
v -1.728007 3.017756 2.702945
v -1.567397 2.987561 2.129447
v -1.887219 2.443254 2.688605
v -1.726609 2.413059 2.115108
v -1.176225 2.860777 2.865738
v -1.015616 2.830582 2.292240
v -1.335438 2.286275 2.851398
v -1.174828 2.256081 2.277900
v -2.695142 2.724842 3.545608
v -2.604542 3.138001 3.965962
v -2.163984 2.851954 3.306191
v -2.073385 3.265112 3.726546
v -2.439662 2.314051 3.894303
v -2.349062 2.727210 4.314657
v -1.908505 2.441164 3.654886
v -1.817905 2.854322 4.075239
v -2.193684 3.702018 3.270818
v -2.431356 4.132792 3.607794
v -2.037354 4.107617 2.862581
v -2.275026 4.538391 3.199557
v -1.669585 3.776385 3.545403
v -1.907257 4.207159 3.882378
v -1.513255 4.181983 3.137166
v -1.750927 4.612757 3.474142
v -3.073313 -0.639475 -2.522022
v -2.898062 -0.134607 -2.257445
v -2.543476 -0.885823 -2.402895
v -2.368224 -0.380954 -2.138318
v -2.863157 -0.439408 -3.042996
v -2.687906 0.065461 -2.778419
v -2.333320 -0.685756 -2.923869
v -2.158068 -0.180887 -2.659292
v -0.995591 -0.393388 -1.454590
v -1.547740 -0.535215 -1.629587
v -1.141418 -0.521410 -0.890719
v -1.693567 -0.663237 -1.065715
v -1.167268 0.171503 -1.370736
v -1.719416 0.029676 -1.545732
v -1.313095 0.043481 -0.806864
v -1.865244 -0.098346 -0.981860
v -3.142242 0.440025 -1.634566
v -3.631198 0.769627 -1.545732
v -3.442723 -0.049184 -1.473346
v -3.931679 0.280418 -1.384512
v -2.980256 0.527454 -1.067359
v -3.469212 0.857056 -0.978526
v -3.280738 0.038246 -0.906139
v -3.769693 0.367847 -0.817306
v -3.519501 1.601864 -2.621182
v -3.351854 1.442302 -2.071599
v -3.255938 1.115062 -2.842914
v -3.088291 0.955502 -2.293331
v -3.011529 1.907103 -2.687515
v -2.843883 1.747542 -2.137932
v -2.747966 1.420302 -2.909246
v -2.580320 1.260741 -2.359664
v -4.233083 0.194272 -3.746666
v -4.514882 0.718948 -3.776846
v -3.830027 0.432012 -3.377029
v -4.111825 0.956688 -3.407210
v -3.895827 0.348548 -4.213639
v -4.177627 0.873225 -4.243819
v -3.492771 0.586289 -3.844002
v -3.774570 1.110964 -3.874182
v -3.598684 1.937687 -3.554163
v -3.925386 2.333687 -3.857569
v -3.948117 2.014881 -3.077147
v -4.274820 2.410882 -3.380553
v -3.242638 2.376812 -3.364408
v -3.569341 2.772813 -3.667814
v -3.592071 2.454006 -2.887392
v -3.918774 2.850007 -3.190798
v -2.401578 1.592309 -2.487821
v -1.901397 1.914736 -2.526109
v -2.114467 1.185947 -2.159122
v -1.614286 1.508373 -2.197411
v -2.249947 1.298172 -2.983903
v -1.749765 1.620599 -3.022192
v -1.962836 0.891809 -2.655205
v -1.462654 1.214236 -2.693493
v -1.177431 0.381326 -1.454590
v -1.480538 0.864139 -1.629587
v -1.343754 0.481284 -0.890719
v -1.646862 0.964098 -1.065715
v -0.691562 0.716745 -1.370736
v -0.994669 1.199558 -1.545732
v -0.857886 0.816704 -0.806864
v -1.160993 1.299517 -0.981860
v -1.788851 2.796242 -1.691276
v -1.883826 3.176315 -1.241686
v -2.318272 2.541922 -1.588119
v -2.413247 2.921995 -1.138529
v -1.531364 2.413524 -1.313342
v -1.626339 2.793596 -0.863752
v -2.060785 2.159204 -1.210185
v -2.155760 2.539277 -0.760596
v -1.728006 3.017756 -2.702945
v -1.567397 2.987561 -2.129447
v -1.887218 2.443254 -2.688605
v -1.726609 2.413060 -2.115108
v -1.176225 2.860777 -2.865738
v -1.015616 2.830582 -2.292240
v -1.335437 2.286276 -2.851398
v -1.174828 2.256081 -2.277900
v -2.695141 2.724842 -3.545609
v -2.604542 3.138001 -3.965963
v -2.163984 2.851954 -3.306191
v -2.073384 3.265112 -3.726546
v -2.439662 2.314051 -3.894303
v -2.349062 2.727210 -4.314657
v -1.908504 2.441164 -3.654886
v -1.817904 2.854322 -4.075239
v -2.193684 3.702019 -3.270819
v -2.431355 4.132792 -3.607794
v -2.037354 4.107617 -2.862582
v -2.275025 4.538392 -3.199557
v -1.669585 3.776385 -3.545403
v -1.907256 4.207159 -3.882378
v -1.513255 4.181984 -3.137166
v -1.750926 4.612758 -3.474142
vt 0.536229 0.801714
vt 0.536229 0.860343
vt 0.477600 0.860343
vt 0.477600 0.801714
vt 0.418972 0.860343
vt 0.418972 0.801714
vt 0.360343 0.860343
vt 0.360343 0.801714
vt 0.301714 0.860343
vt 0.301714 0.801714
vt 0.418972 0.743085
vt 0.360343 0.743085
vt 0.418972 0.918972
vt 0.360343 0.918972
vt 0.801714 0.184457
vt 0.860343 0.184457
vt 0.860343 0.243085
vt 0.801714 0.243085
vt 0.860343 0.301714
vt 0.801714 0.301714
vt 0.860343 0.360343
vt 0.801714 0.360343
vt 0.860343 0.418972
vt 0.801714 0.418972
vt 0.743085 0.301714
vt 0.743085 0.360343
vt 0.918972 0.301714
vt 0.918972 0.360343
vt 0.639657 0.698286
vt 0.581029 0.698286
vt 0.581029 0.639657
vt 0.639657 0.639657
vt 0.581029 0.581029
vt 0.639657 0.581029
vt 0.581029 0.522400
vt 0.639657 0.522400
vt 0.581029 0.463771
vt 0.639657 0.463771
vt 0.698286 0.581029
vt 0.698286 0.522400
vt 0.522400 0.581029
vt 0.522400 0.522400
vt 0.639657 0.418972
vt 0.581028 0.418972
vt 0.581029 0.360343
vt 0.639657 0.360343
vt 0.581029 0.301714
vt 0.639657 0.301714
vt 0.581029 0.243085
vt 0.639657 0.243085
vt 0.581029 0.184457
vt 0.639657 0.184457
vt 0.698286 0.301714
vt 0.698286 0.243085
vt 0.522400 0.301714
vt 0.522400 0.243085
vt 0.256915 0.743085
vt 0.256915 0.801714
vt 0.198286 0.801714
vt 0.198286 0.743085
vt 0.139657 0.801714
vt 0.139657 0.743085
vt 0.081028 0.801714
vt 0.081028 0.743086
vt 0.022400 0.801714
vt 0.022400 0.743086
vt 0.139657 0.684457
vt 0.081029 0.684457
vt 0.139657 0.860343
vt 0.081029 0.860343
vt 0.360343 0.184457
vt 0.418971 0.184456
vt 0.418972 0.243085
vt 0.360343 0.243085
vt 0.418972 0.301714
vt 0.360343 0.301714
vt 0.418972 0.360343
vt 0.360343 0.360343
vt 0.418972 0.418972
vt 0.360343 0.418972
vt 0.301714 0.301714
vt 0.301714 0.360343
vt 0.477600 0.301714
vt 0.477600 0.360343
vt 0.743085 0.581029
vt 0.743085 0.522400
vt 0.801714 0.522400
vt 0.801714 0.581029
vt 0.860343 0.522400
vt 0.860343 0.581029
vt 0.918972 0.522400
vt 0.918972 0.581029
vt 0.977600 0.522400
vt 0.977600 0.581028
vt 0.860343 0.639657
vt 0.918971 0.639657
vt 0.860343 0.463771
vt 0.918972 0.463771
vt 0.360343 0.463771
vt 0.418972 0.463771
vt 0.418972 0.522400
vt 0.360343 0.522400
vt 0.418972 0.581029
vt 0.360343 0.581029
vt 0.418972 0.639657
vt 0.360343 0.639657
vt 0.418972 0.698286
vt 0.360343 0.698286
vt 0.301714 0.581029
vt 0.301714 0.639657
vt 0.477600 0.581029
vt 0.477600 0.639657
vt 0.022400 0.139657
vt 0.022400 0.081029
vt 0.081028 0.081029
vt 0.081028 0.139657
vt 0.139657 0.081028
vt 0.139657 0.139657
vt 0.198286 0.081028
vt 0.198286 0.139657
vt 0.256915 0.081028
vt 0.256915 0.139657
vt 0.139657 0.198286
vt 0.198286 0.198286
vt 0.139657 0.022400
vt 0.198286 0.022400
vt 0.581029 0.860343
vt 0.581029 0.801714
vt 0.639657 0.801714
vt 0.639657 0.860343
vt 0.698286 0.801714
vt 0.698286 0.860343
vt 0.756915 0.801714
vt 0.756915 0.860343
vt 0.815544 0.801714
vt 0.815544 0.860343
vt 0.698286 0.918972
vt 0.756915 0.918972
vt 0.698286 0.743085
vt 0.756915 0.743085
vt 0.022400 0.581029
vt 0.022400 0.522400
vt 0.081028 0.522400
vt 0.081028 0.581029
vt 0.139657 0.522400
vt 0.139657 0.581029
vt 0.198286 0.522400
vt 0.198286 0.581029
vt 0.256915 0.522400
vt 0.256915 0.581029
vt 0.139657 0.639657
vt 0.198286 0.639657
vt 0.139657 0.463771
vt 0.198286 0.463771
vt 0.022400 0.360343
vt 0.022400 0.301714
vt 0.081028 0.301714
vt 0.081028 0.360343
vt 0.139657 0.301714
vt 0.139657 0.360343
vt 0.198286 0.301714
vt 0.198286 0.360343
vt 0.256915 0.301714
vt 0.256915 0.360343
vt 0.139657 0.418972
vt 0.198286 0.418972
vt 0.139657 0.243085
vt 0.198286 0.243085
vt 0.536229 0.801714
vt 0.477600 0.801714
vt 0.477600 0.860343
vt 0.536229 0.860343
vt 0.418972 0.801714
vt 0.418972 0.860343
vt 0.360343 0.801714
vt 0.360343 0.860343
vt 0.301714 0.801714
vt 0.301714 0.860343
vt 0.418972 0.743085
vt 0.360343 0.743085
vt 0.360343 0.918972
vt 0.418972 0.918972
vt 0.801714 0.184457
vt 0.801714 0.243085
vt 0.860343 0.243085
vt 0.860343 0.184457
vt 0.801714 0.301714
vt 0.860343 0.301714
vt 0.801714 0.360343
vt 0.860343 0.360343
vt 0.801714 0.418972
vt 0.860343 0.418972
vt 0.743085 0.301714
vt 0.743085 0.360343
vt 0.918972 0.360343
vt 0.918972 0.301714
vt 0.639657 0.698286
vt 0.639657 0.639657
vt 0.581029 0.639657
vt 0.581029 0.698286
vt 0.639657 0.581029
vt 0.581029 0.581029
vt 0.639657 0.522400
vt 0.581029 0.522400
vt 0.639657 0.463771
vt 0.581029 0.463771
vt 0.698286 0.581029
vt 0.698286 0.522400
vt 0.522400 0.522400
vt 0.522400 0.581029
vt 0.639657 0.418972
vt 0.639657 0.360343
vt 0.581029 0.360343
vt 0.581028 0.418972
vt 0.639657 0.301714
vt 0.581029 0.301714
vt 0.639657 0.243085
vt 0.581029 0.243085
vt 0.639657 0.184457
vt 0.581029 0.184457
vt 0.698286 0.301714
vt 0.698286 0.243085
vt 0.522400 0.243085
vt 0.522400 0.301714
vt 0.256915 0.743085
vt 0.198286 0.743085
vt 0.198286 0.801714
vt 0.256915 0.801714
vt 0.139657 0.743085
vt 0.139657 0.801714
vt 0.081028 0.743086
vt 0.081028 0.801714
vt 0.022400 0.743086
vt 0.022400 0.801714
vt 0.139657 0.684457
vt 0.081029 0.684457
vt 0.081029 0.860343
vt 0.139657 0.860343
vt 0.360343 0.184457
vt 0.360343 0.243085
vt 0.418972 0.243085
vt 0.418971 0.184456
vt 0.360343 0.301714
vt 0.418972 0.301714
vt 0.360343 0.360343
vt 0.418972 0.360343
vt 0.360343 0.418972
vt 0.418972 0.418972
vt 0.301714 0.301714
vt 0.301714 0.360343
vt 0.477600 0.360343
vt 0.477600 0.301714
vt 0.743085 0.581029
vt 0.801714 0.581029
vt 0.801714 0.522400
vt 0.743085 0.522400
vt 0.860343 0.581029
vt 0.860343 0.522400
vt 0.918972 0.581029
vt 0.918972 0.522400
vt 0.977600 0.581028
vt 0.977600 0.522400
vt 0.860343 0.639657
vt 0.918971 0.639657
vt 0.918972 0.463771
vt 0.860343 0.463771
vt 0.360343 0.463771
vt 0.360343 0.522400
vt 0.418972 0.522400
vt 0.418972 0.463771
vt 0.360343 0.581029
vt 0.418972 0.581029
vt 0.360343 0.639657
vt 0.418972 0.639657
vt 0.360343 0.698286
vt 0.418972 0.698286
vt 0.301714 0.581029
vt 0.301714 0.639657
vt 0.477600 0.639657
vt 0.477600 0.581029
vt 0.022400 0.139657
vt 0.081028 0.139657
vt 0.081028 0.081029
vt 0.022400 0.081029
vt 0.139657 0.139657
vt 0.139657 0.081028
vt 0.198286 0.139657
vt 0.198286 0.081028
vt 0.256915 0.139657
vt 0.256915 0.081028
vt 0.139657 0.198286
vt 0.198286 0.198286
vt 0.198286 0.022400
vt 0.139657 0.022400
vt 0.581029 0.860343
vt 0.639657 0.860343
vt 0.639657 0.801714
vt 0.581029 0.801714
vt 0.698286 0.860343
vt 0.698286 0.801714
vt 0.756915 0.860343
vt 0.756915 0.801714
vt 0.815544 0.860343
vt 0.815544 0.801714
vt 0.698286 0.918972
vt 0.756915 0.918972
vt 0.756915 0.743085
vt 0.698286 0.743085
vt 0.022400 0.581029
vt 0.081028 0.581029
vt 0.081028 0.522400
vt 0.022400 0.522400
vt 0.139657 0.581029
vt 0.139657 0.522400
vt 0.198286 0.581029
vt 0.198286 0.522400
vt 0.256915 0.581029
vt 0.256915 0.522400
vt 0.139657 0.639657
vt 0.198286 0.639657
vt 0.198286 0.463771
vt 0.139657 0.463771
vt 0.022400 0.360343
vt 0.081028 0.360343
vt 0.081028 0.301714
vt 0.022400 0.301714
vt 0.139657 0.360343
vt 0.139657 0.301714
vt 0.198286 0.360343
vt 0.198286 0.301714
vt 0.256915 0.360343
vt 0.256915 0.301714
vt 0.139657 0.418972
vt 0.198286 0.418972
vt 0.198286 0.243085
vt 0.139657 0.243085
vn -0.3524 -0.3355 -0.8736
vn 0.8885 -0.4131 -0.1998
vn 0.3524 0.3355 0.8736
vn -0.8885 0.4131 0.1998
vn -0.2939 -0.8466 0.4437
vn 0.2939 0.8466 -0.4437
vn 0.2879 -0.9473 0.1406
vn -0.2445 -0.2147 -0.9456
vn -0.2879 0.9473 -0.1406
vn 0.2445 0.2147 0.9456
vn 0.9259 0.2378 -0.2935
vn -0.9259 -0.2378 0.2935
vn -0.2716 -0.1466 0.9512
vn -0.5039 -0.8204 -0.2704
vn 0.2716 0.1466 -0.9512
vn 0.5039 0.8204 0.2704
vn 0.8199 -0.5527 0.1490
vn -0.8199 0.5527 -0.1490
vn -0.8518 -0.5119 -0.1112
vn 0.4420 -0.8163 0.3718
vn 0.8518 0.5119 0.1112
vn -0.4420 0.8163 -0.3718
vn -0.2811 0.2676 0.9216
vn 0.2811 -0.2676 -0.9216
vn -0.5656 -0.2587 -0.7831
vn 0.6759 0.3987 -0.6199
vn 0.5656 0.2587 0.7831
vn -0.6759 -0.3987 0.6199
vn 0.4726 -0.8798 -0.0506
vn -0.4726 0.8798 0.0506
vn -0.5971 -0.7364 0.3182
vn -0.5860 0.1294 -0.7999
vn 0.5971 0.7364 -0.3182
vn 0.5860 -0.1294 0.7999
vn 0.5479 -0.6641 -0.5088
vn -0.5479 0.6641 0.5088
vn -0.2543 0.4932 -0.8319
vn 0.4815 -0.6814 -0.5512
vn 0.2543 -0.4932 0.8319
vn -0.4815 0.6814 0.5512
vn -0.8388 -0.5407 -0.0642
vn 0.8388 0.5407 0.0642
vn -0.8148 -0.5625 0.1406
vn -0.2789 0.1676 -0.9456
vn 0.8148 0.5625 -0.1406
vn 0.2789 -0.1676 0.9456
vn 0.5083 -0.8096 -0.2935
vn -0.5083 0.8096 0.2935
vn -0.4318 0.6418 0.6338
vn -0.8878 -0.4265 -0.1730
vn 0.4318 -0.6418 -0.6338
vn 0.8878 0.4265 0.1730
vn 0.1593 -0.6374 0.7539
vn -0.1593 0.6374 -0.7539
vn -0.9253 0.2632 -0.2730
vn -0.2670 -0.9634 -0.0240
vn 0.9253 -0.2632 0.2730
vn 0.2670 0.9634 0.0240
vn -0.2693 0.0506 0.9617
vn 0.2693 -0.0506 -0.9617
vn -0.4284 0.6889 -0.5847
vn 0.8907 0.2132 -0.4015
vn 0.4284 -0.6889 0.5847
vn -0.8907 -0.2132 0.4015
vn -0.1519 -0.6928 -0.7049
vn 0.1519 0.6928 0.7049
vn -0.8789 -0.1247 -0.4605
vn 0.2622 0.6802 -0.6846
vn 0.8789 0.1247 0.4605
vn -0.2622 -0.6802 0.6846
vn 0.3986 -0.7224 -0.5651
vn -0.3986 0.7224 0.5651
vn -0.3524 -0.3355 0.8736
vn 0.8885 -0.4131 0.1998
vn 0.3524 0.3355 -0.8736
vn -0.8885 0.4131 -0.1998
vn -0.2939 -0.8466 -0.4437
vn 0.2939 0.8466 0.4437
vn 0.2879 -0.9473 -0.1406
vn -0.2445 -0.2147 0.9456
vn -0.2879 0.9473 0.1406
vn 0.2445 0.2147 -0.9456
vn 0.9259 0.2378 0.2935
vn -0.9259 -0.2378 -0.2935
vn -0.2716 -0.1466 -0.9512
vn -0.5039 -0.8204 0.2704
vn 0.2716 0.1466 0.9512
vn 0.5039 0.8204 -0.2704
vn 0.8199 -0.5527 -0.1490
vn -0.8199 0.5527 0.1490
vn -0.8518 -0.5119 0.1112
vn 0.4420 -0.8163 -0.3718
vn 0.8518 0.5119 -0.1112
vn -0.4420 0.8163 0.3718
vn -0.2811 0.2676 -0.9216
vn 0.2811 -0.2676 0.9216
vn -0.5656 -0.2587 0.7831
vn 0.6759 0.3987 0.6199
vn 0.5656 0.2587 -0.7831
vn -0.6759 -0.3987 -0.6199
vn 0.4726 -0.8798 0.0506
vn -0.4726 0.8798 -0.0506
vn -0.5971 -0.7364 -0.3182
vn -0.5860 0.1294 0.7999
vn 0.5971 0.7364 0.3182
vn 0.5860 -0.1294 -0.7999
vn 0.5479 -0.6641 0.5088
vn -0.5479 0.6641 -0.5088
vn -0.2543 0.4932 0.8319
vn 0.4815 -0.6814 0.5512
vn 0.2543 -0.4932 -0.8319
vn -0.4815 0.6814 -0.5512
vn -0.8388 -0.5407 0.0642
vn 0.8388 0.5407 -0.0642
vn -0.8148 -0.5625 -0.1406
vn -0.2789 0.1676 0.9456
vn 0.8148 0.5625 0.1406
vn 0.2789 -0.1676 -0.9456
vn 0.5083 -0.8096 0.2935
vn -0.5083 0.8096 -0.2935
vn -0.4318 0.6418 -0.6338
vn -0.8878 -0.4265 0.1730
vn 0.4318 -0.6418 0.6338
vn 0.8878 0.4265 -0.1730
vn 0.1593 -0.6374 -0.7539
vn -0.1593 0.6374 0.7539
vn -0.9253 0.2632 0.2730
vn -0.2670 -0.9634 0.0240
vn 0.9253 -0.2632 -0.2730
vn 0.2670 0.9634 -0.0240
vn -0.2693 0.0506 -0.9617
vn 0.2693 -0.0506 0.9617
vn -0.4284 0.6889 0.5847
vn 0.8907 0.2132 0.4015
vn 0.4284 -0.6889 -0.5847
vn -0.8907 -0.2132 -0.4015
vn -0.1519 -0.6928 0.7049
vn 0.1519 0.6928 -0.7049
vn -0.8789 -0.1247 0.4605
vn 0.2622 0.6802 0.6846
vn 0.8789 0.1247 -0.4605
vn -0.2622 -0.6802 -0.6846
vn 0.3986 -0.7224 0.5651
vn -0.3986 0.7224 -0.5651
usemtl None
s off
f 1/1/1 2/2/1 4/3/1 3/4/1
f 3/4/2 4/3/2 8/5/2 7/6/2
f 7/6/3 8/5/3 6/7/3 5/8/3
f 5/8/4 6/7/4 2/9/4 1/10/4
f 3/11/5 7/6/5 5/8/5 1/12/5
f 8/5/6 4/13/6 2/14/6 6/7/6
f 9/15/7 10/16/7 12/17/7 11/18/7
f 11/18/8 12/17/8 16/19/8 15/20/8
f 15/20/9 16/19/9 14/21/9 13/22/9
f 13/22/10 14/21/10 10/23/10 9/24/10
f 11/25/11 15/20/11 13/22/11 9/26/11
f 16/19/12 12/27/12 10/28/12 14/21/12
f 17/29/13 18/30/13 20/31/13 19/32/13
f 19/32/14 20/31/14 24/33/14 23/34/14
f 23/34/15 24/33/15 22/35/15 21/36/15
f 21/36/16 22/35/16 18/37/16 17/38/16
f 19/39/17 23/34/17 21/36/17 17/40/17
f 24/33/18 20/41/18 18/42/18 22/35/18
f 25/43/19 26/44/19 28/45/19 27/46/19
f 27/46/20 28/45/20 32/47/20 31/48/20
f 31/48/21 32/47/21 30/49/21 29/50/21
f 29/50/22 30/49/22 26/51/22 25/52/22
f 27/53/23 31/48/23 29/50/23 25/54/23
f 32/47/24 28/55/24 26/56/24 30/49/24
f 33/57/25 34/58/25 36/59/25 35/60/25
f 35/60/26 36/59/26 40/61/26 39/62/26
f 39/62/27 40/61/27 38/63/27 37/64/27
f 37/64/28 38/63/28 34/65/28 33/66/28
f 35/67/29 39/62/29 37/64/29 33/68/29
f 40/61/30 36/69/30 34/70/30 38/63/30
f 41/71/31 42/72/31 44/73/31 43/74/31
f 43/74/32 44/73/32 48/75/32 47/76/32
f 47/76/33 48/75/33 46/77/33 45/78/33
f 45/78/34 46/77/34 42/79/34 41/80/34
f 43/81/35 47/76/35 45/78/35 41/82/35
f 48/75/36 44/83/36 42/84/36 46/77/36
f 49/85/37 50/86/37 52/87/37 51/88/37
f 51/88/38 52/87/38 56/89/38 55/90/38
f 55/90/39 56/89/39 54/91/39 53/92/39
f 53/92/40 54/91/40 50/93/40 49/94/40
f 51/95/41 55/90/41 53/92/41 49/96/41
f 56/89/42 52/97/42 50/98/42 54/91/42
f 57/99/43 58/100/43 60/101/43 59/102/43
f 59/102/44 60/101/44 64/103/44 63/104/44
f 63/104/45 64/103/45 62/105/45 61/106/45
f 61/106/46 62/105/46 58/107/46 57/108/46
f 59/109/47 63/104/47 61/106/47 57/110/47
f 64/103/48 60/111/48 58/112/48 62/105/48
f 65/113/49 66/114/49 68/115/49 67/116/49
f 67/116/50 68/115/50 72/117/50 71/118/50
f 71/118/51 72/117/51 70/119/51 69/120/51
f 69/120/52 70/119/52 66/121/52 65/122/52
f 67/123/53 71/118/53 69/120/53 65/124/53
f 72/117/54 68/125/54 66/126/54 70/119/54
f 73/127/55 74/128/55 76/129/55 75/130/55
f 75/130/56 76/129/56 80/131/56 79/132/56
f 79/132/57 80/131/57 78/133/57 77/134/57
f 77/134/58 78/133/58 74/135/58 73/136/58
f 75/137/59 79/132/59 77/134/59 73/138/59
f 80/131/60 76/139/60 74/140/60 78/133/60
f 81/141/61 82/142/61 84/143/61 83/144/61
f 83/144/62 84/143/62 88/145/62 87/146/62
f 87/146/63 88/145/63 86/147/63 85/148/63
f 85/148/64 86/147/64 82/149/64 81/150/64
f 83/151/65 87/146/65 85/148/65 81/152/65
f 88/145/66 84/153/66 82/154/66 86/147/66
f 89/155/67 90/156/67 92/157/67 91/158/67
f 91/158/68 92/157/68 96/159/68 95/160/68
f 95/160/69 96/159/69 94/161/69 93/162/69
f 93/162/70 94/161/70 90/163/70 89/164/70
f 91/165/71 95/160/71 93/162/71 89/166/71
f 96/159/72 92/167/72 90/168/72 94/161/72
f 97/169/73 99/170/73 100/171/73 98/172/73
f 99/170/74 103/173/74 104/174/74 100/171/74
f 103/173/75 101/175/75 102/176/75 104/174/75
f 101/175/76 97/177/76 98/178/76 102/176/76
f 99/179/77 97/180/77 101/175/77 103/173/77
f 104/174/78 102/176/78 98/181/78 100/182/78
f 105/183/79 107/184/79 108/185/79 106/186/79
f 107/184/80 111/187/80 112/188/80 108/185/80
f 111/187/81 109/189/81 110/190/81 112/188/81
f 109/189/82 105/191/82 106/192/82 110/190/82
f 107/193/83 105/194/83 109/189/83 111/187/83
f 112/188/84 110/190/84 106/195/84 108/196/84
f 113/197/85 115/198/85 116/199/85 114/200/85
f 115/198/86 119/201/86 120/202/86 116/199/86
f 119/201/87 117/203/87 118/204/87 120/202/87
f 117/203/88 113/205/88 114/206/88 118/204/88
f 115/207/89 113/208/89 117/203/89 119/201/89
f 120/202/90 118/204/90 114/209/90 116/210/90
f 121/211/91 123/212/91 124/213/91 122/214/91
f 123/212/92 127/215/92 128/216/92 124/213/92
f 127/215/93 125/217/93 126/218/93 128/216/93
f 125/217/94 121/219/94 122/220/94 126/218/94
f 123/221/95 121/222/95 125/217/95 127/215/95
f 128/216/96 126/218/96 122/223/96 124/224/96
f 129/225/97 131/226/97 132/227/97 130/228/97
f 131/226/98 135/229/98 136/230/98 132/227/98
f 135/229/99 133/231/99 134/232/99 136/230/99
f 133/231/100 129/233/100 130/234/100 134/232/100
f 131/235/101 129/236/101 133/231/101 135/229/101
f 136/230/102 134/232/102 130/237/102 132/238/102
f 137/239/103 139/240/103 140/241/103 138/242/103
f 139/240/104 143/243/104 144/244/104 140/241/104
f 143/243/105 141/245/105 142/246/105 144/244/105
f 141/245/106 137/247/106 138/248/106 142/246/106
f 139/249/107 137/250/107 141/245/107 143/243/107
f 144/244/108 142/246/108 138/251/108 140/252/108
f 145/253/109 147/254/109 148/255/109 146/256/109
f 147/254/110 151/257/110 152/258/110 148/255/110
f 151/257/111 149/259/111 150/260/111 152/258/111
f 149/259/112 145/261/112 146/262/112 150/260/112
f 147/263/113 145/264/113 149/259/113 151/257/113
f 152/258/114 150/260/114 146/265/114 148/266/114
f 153/267/115 155/268/115 156/269/115 154/270/115
f 155/268/116 159/271/116 160/272/116 156/269/116
f 159/271/117 157/273/117 158/274/117 160/272/117
f 157/273/118 153/275/118 154/276/118 158/274/118
f 155/277/119 153/278/119 157/273/119 159/271/119
f 160/272/120 158/274/120 154/279/120 156/280/120
f 161/281/121 163/282/121 164/283/121 162/284/121
f 163/282/122 167/285/122 168/286/122 164/283/122
f 167/285/123 165/287/123 166/288/123 168/286/123
f 165/287/124 161/289/124 162/290/124 166/288/124
f 163/291/125 161/292/125 165/287/125 167/285/125
f 168/286/126 166/288/126 162/293/126 164/294/126
f 169/295/127 171/296/127 172/297/127 170/298/127
f 171/296/128 175/299/128 176/300/128 172/297/128
f 175/299/129 173/301/129 174/302/129 176/300/129
f 173/301/130 169/303/130 170/304/130 174/302/130
f 171/305/131 169/306/131 173/301/131 175/299/131
f 176/300/132 174/302/132 170/307/132 172/308/132
f 177/309/133 179/310/133 180/311/133 178/312/133
f 179/310/134 183/313/134 184/314/134 180/311/134
f 183/313/135 181/315/135 182/316/135 184/314/135
f 181/315/136 177/317/136 178/318/136 182/316/136
f 179/319/137 177/320/137 181/315/137 183/313/137
f 184/314/138 182/316/138 178/321/138 180/322/138
f 185/323/139 187/324/139 188/325/139 186/326/139
f 187/324/140 191/327/140 192/328/140 188/325/140
f 191/327/141 189/329/141 190/330/141 192/328/141
f 189/329/142 185/331/142 186/332/142 190/330/142
f 187/333/143 185/334/143 189/329/143 191/327/143
f 192/328/144 190/330/144 186/335/144 188/336/144
